0 75 0 140 0 0 0 118 0 0 0 0 0 0 75 0 71 0 0 0 0 0 0 0 0 0 0 0 0 71 0 151 0 0 0 0 0 0 0 0 0 0 140 0 151 0 99 80 0 0 0 0 0 0 0 0 0 0 0 99 0 0 0 0 0 0 0 0 211 0 0 0 0 80 0 0 97 0 0 0 0 146 0 0 0 0 0 0 0 97 0 0 0 0 0 138 101 0 118 0 0 0 0 0 0 0 111 0 0 0 0 0 0 0 0 0 0 0 0 111 0 70 0 0 0 0 0 0 0 0 0 0 0 0 70 0 75 0 0 0 0 0 0 0 0 0 0 0 0 75 0 120 0 0 0 0 0 0 0 146 138 0 0 0 120 0 0 0 0 0 0 0 211 0 101 0 0 0 0 0 0 90 0 0 0 0 0 0 0 0 0 0 0 0 90 0

